KMeans_DE_KNN
0.9185 0.8575 0.86675 0.9045 0.872 0.9255 0.92675 0.923 0.93 0.8805 0.8985 0.82675 0.9165 0.89225 0.915 0.9135 0.87825 0.88725 0.91075 0.881 0.9185 0.8805 0.83775 0.92225 0.922 0.92625 0.90125 0.91725 0.923 0.813 0.92675 0.90325 0.8715 0.921 0.91675 0.893 0.881 0.90825 0.89525 0.88675 0.8735 0.92325 0.92 0.89925 0.846 0.844 0.91175 0.888 0.9135 0.89925 0.88525 0.867 0.8575 0.849 0.91525 0.8975 0.89025 0.8885 0.8245 0.8875 0.893

KMeans_DE_SVM
0.93375 0.93525 0.936 0.905 0.92725 0.935 0.9335 0.9285 0.9345 0.93125 0.919 0.93725 0.942 0.919 0.9355 0.93 0.93575 0.929 0.937 0.92775 0.93275 0.92125 0.931 0.9395 0.92075 0.937 0.9245 0.921 0.93025 0.93525 0.9340.9285 0.93425 0.91475 0.93975 0.93025 0.9255 0.93175 0.932 0.9225 0.92275 0.93875 0.932 0.934 0.933 0.91875 0.942 0.92875 0.92325 0.9355 0.9335 0.93875 0.9355 0.92225 0.9425 0.93025 0.93875 0.91675 0.91625 0.927 0.93

DE_KNN
0.831 0.927 0.934 0.929 0.930 0.931 0.928 0.933 0.925 0.932 0.929 0.929 0.933 0.936 0.927 0.928 0.934 0.929 0.938 0.932 0.942 0.796 0.927 0.796 0.932 0.826 0.925 0.925 0.930 0.840 0.936 0.927 0.926 0.938 0.928 0.926 0.834 0.932 0.932 0.926 0.931 0.930 0.926 0.930 0.935 0.926 0.931 0.938 0.939 0.928 0.927 0.932 0.934 0.935 0.935 0.934 0.927 0.935 0.931 0.928

DE_SVM
0.951 0.939 0.947 0.948 0.938 0.943 0.938 0.904 0.925 0.941 0.940 0.937 0.942 0.944 0.944 0.943 0.931 0.946 0.932 0.946 0.913 0.944 0.891 0.937 0.934 0.921 0.945 0.921 0.946 0.951 0.939 0.947	0.948 0.938 0.938 0.943	0.938 0.904 0.925 0.941	0.94 0.937 0.942 0.944	0.944 0.943 0.931 0.946	0.932 0.946 0.913 0.944	0.891 0.937 0.934 0.921	0.945 0.921 0.946


KMeans_KNN
0.79 0.78125 0.775 0.7827 0.78125 0.781	0.79025	0.78425	0.77725	0.783

KMeans_SVM
0.583 0.57525 0.5835 0.5985 0.57425 0.567 0.59075 0.644	0.55675	0.6465

KNN
0.812 0.810 0.807 0.808 0.808 0.805 0.813 0.807 0.807 0.808

SVM
0.657 0.659 0.657 0.663 0.658 0.659 0.662 0.660 0.664 0.662

DE_KNN_10
0.86075	0.8665 0.88775 0.8455 0.89925 0.8915 0.8635 0.83625 0.8715 0.83825 0.8775 0.904	0.866 0.87925 0.84875 0.90325 0.8685 0.848 0.85825 0.8575 0.86125 0.87325 0.862	0.8625 0.86475 0.89125 0.8935 0.87275 0.849 0.86575 0.86625 0.862 0.88325 0.865 0.86625	0.8505 0.8285 0.8725 0.8315 0.87975 0.86825 0.8525 0.80125 0.88325 0.89675 0.89075 0.87475 0.813 0.8885	0.8755	0.90425	0.8315	0.83975	0.85175	0.8915	0.9005	0.827 0.8665 0.8455 0.9055 0.83675 0.88525 0.8425 0.849	0.8925	0.87875	0.86775	0.8655	0.86025	0.806 0.902 0.84125 0.85575 0.8065 0.87225 0.89475 0.88325 0.8895 0.86225 0.89575 0.84725 0.8755 0.846 0.877 0.89325 0.89775 0.8475 0.8825 0.898 0.8725	0.85525	0.91325	0.821 0.8935 0.88625 0.87325 0.874 0.855 0.9025	0.902 0.86775

DE_SVM_10
0.925 0.9245 0.93075 0.9235 0.92075 0.92775 0.922 0.91925 0.90575 0.90825 0.9185 0.9265	0.92475	0.919 0.93375 0.92 0.90375 0.915 0.917 0.91725 0.90225 0.92675 0.91925 0.9255 0.9205 0.926 0.9045 0.92225 0.92525 0.9265 0.90625 0.93075 0.89325 0.906 0.9185 0.931 0.92125 0.91725 0.91725 0.9325 0.91575 0.9235 0.89475 0.92375 0.912	0.91675	0.91525	0.92075	0.915 0.9235 0.924 0.92675 0.906 0.91975 0.932 0.91675 0.92 0.93075 0.90675 0.9315 0.91875 0.9265 0.93275 0.91575 0.92025 0.93275 0.91675 0.91475 0.919	0.918 0.924 0.923 0.92825 0.925	0.924 0.92525 0.929 0.91775 0.8905 0.935 0.9295	0.928 0.9185 0.91725 0.90325 0.92525 0.9175 0.91525 0.90375 0.9365 0.90325 0.919 0.91875 0.904	0.91925	0.92 0.91825 0.92725 0.9165 0.92525 0.9195

